7662947
3596700
440608
440602
440604
3599973
3599997
3599974
7659997
7659999
7660000
7659998
7660001
7660004
7660005
7660003
7660002
7659996
4130836
4130835
4130834
3600120
3600110
3600111
4130813
4130815
4130812
3600127
3600117
3600129
3600128
3600114
3600124
3600125
3600116
381848
463183
618377
3599196
618382
618385
730977
36409
951133
951134
1068161
3599195
3599194
463185
222067
222066
6153484
3598459
3599834
3599321
3599404
3599326
3599402
576651
576660
816665
816667
292472
576657
816655
816656
292471
84218
747910
3600825
463546
747911
